ALPHA =  0.25
PointAtThresholds = 0.20 2.8 25
MU = 9
gestOverlapings = 0.564187
bestOverlapping = 0.564187
