DYNANMIC_GESTURE_0 = 1 0.5
DYNANMIC_GESTURE_1 = 2 10 6
DYNANMIC_GESTURE_2 = 2 20 15
PointAtThresholds = 0.4 2.45 15
MU = 9.5 9 5
gestOverlapings = 0.746079 0.616144 0.590263
bestOverlapping = 0.67458
F1score = 0

