DYNANMIC_GESTURE_0 = 1 0.35
DYNANMIC_GESTURE_1 = 2 10 6
DYNANMIC_GESTURE_2 = 2 30 16
PointAtThresholds = 0.35 2.15 30
MU = 9.5 10 2.75
gestOverlapings = 0.93 0.822222 0.633333
bestOverlapping = 0.821389
F1score = 1
